[matrix([[ 0.52463783,  1.28895715, -1.41011963, ...,  0.17853152,
         -0.4137065 , -0.88495771],
        [ 0.49973216,  0.54275268, -0.39021888, ...,  0.28749565,
          0.8368042 , -0.98374958],
        [-1.36626114,  0.16309522,  0.20528883, ..., -1.84035988,
         -0.57430551,  0.10922885],
        ...,
        [-0.56052613, -0.71147032,  0.02062191, ..., -1.58855147,
         -0.35097077, -0.97701905],
        [-0.32932428,  1.18511718,  0.42643226, ...,  0.40864735,
          0.57779538,  0.68132227],
        [-0.47272631, -0.92594627,  0.18382607, ...,  0.37356549,
         -2.02543024,  0.03330478]]), matrix([[ 1.51446856, -0.85342068,  0.47608661, ..., -1.79564617,
          0.68633317, -3.58542271],
        [-1.04116554, -0.32605433, -0.32224982, ..., -0.79441311,
         -1.10834759, -0.67621097],
        [-0.86666604, -1.06950947, -1.18032641, ..., -0.19862449,
          0.6520637 ,  1.01535582],
        ...,
        [-0.18291282,  0.7948803 ,  0.26172742, ..., -1.84296171,
         -3.00841241, -0.76826019],
        [-1.20604395, -1.63570204, -1.35016611, ..., -0.21432359,
         -0.75353373,  0.54896982],
        [ 0.73113386,  0.44901652,  1.47290208, ..., -0.9101425 ,
         -0.61435212,  1.28330416]]), matrix([[-0.9240883 ,  2.0783998 , -0.74048312, -5.42948339, -7.75279885,
          2.17984852, -6.42415612, -3.55748082,  2.04672459, -0.76529339,
         12.93142717,  3.24092585,  9.89635109,  3.19489875,  1.21704885,
         -8.53991879,  9.75689451,  1.88372131,  1.28761314, 11.31344683,
         -1.02404431, -3.35752987,  0.96303245,  0.43014812, -2.02057522,
         10.55084683,  0.90432863, -4.9150562 ,  1.67400865,  0.96961692,
          0.42643356, 10.50097805, -1.24773168,  0.94289894, -8.62747042,
          9.13434458,  1.27947546,  8.88365636,  8.17680227, -1.49306908,
         10.47058187,  2.06344835, -1.18274829,  7.77090953, -1.29209481,
         10.27455266, 14.75455304, -0.38641561,  8.68216657,  2.410252  ,
         -0.05117914,  3.53022562,  2.96223673, -8.83515009, -6.06429525,
         -0.3383416 , -0.50608387, -7.81868549,  7.61212464,  1.79716031,
          1.07550073,  6.5108738 ,  4.51707943,  2.13078147,  2.75699896,
         10.1153569 , 13.76139119, 13.75868779,  4.4302601 , -1.1891567 ,
          3.23578236, -2.40089093, 13.53264031, -6.08235725,  2.23711654,
         -1.1584167 ,  5.56789734, 10.41206576, -1.60959489,  0.05399065]])]
